Sample	c_carpio counts	c_carpio percentage	total_reads	T_bruceik counts	T_bruceik percentage	T_brucei427 counts	T_brucei427 percentage	LmajorFriedlin counts	LmajorFriedlin percentage	LinfantumJPCM5 counts	LinfantumJPCM5 percentage	L_donovaniLV9 counts	L_donovaniLV9 percentage	L_donovaniCLSL counts	L_donovaniCLSL percentage	S_pombe counts	S_pombe percentage	P_falciparum counts	P_falciparum percentage	P_know counts	P_know percentage	T_brucei counts	T_brucei percentage	T_cruzi counts	T_cruzi percentage	L_donovani counts	L_donovani percentage	O_sativa counts	O_sativa percentage	P_vera counts	P_vera percentage	Mouse counts	Mouse percentage	Rat counts	Rat percentage	Drosophila counts	Drosophila percentage	Worm counts	Worm percentage	Yeast counts	Yeast percentage	Arabidopsis counts	Arabidopsis percentage	Ecoli counts	Ecoli percentage	rRNA counts	rRNA percentage	MT counts	MT percentage	PhiX counts	PhiX percentage	Lambda counts	Lambda percentage	Vectors counts	Vectors percentage	Adapters counts	Adapters percentage	No hits counts	No hits percentage
V350002156_L1_TRYlhwR021518-521	131	0.22999999999999998	55629	17	0.02	0	0.0	7	0.01	5	0.01	3	0.0	6	0.01	3	0.0	14	0.02	304	0.55	0	0.0	9	0.02	6	0.01	18	0.04	30	0.05	2105	3.7899999999999996	2018	3.62	18	0.03	4	0.01	2	0.0	9	0.01	0	0.0	5	0.01	16	0.03	0	0.0	1	0.0	3	0.0	0	0.0	52663	94.67
V350002156_L1_TRYlhwR021519-522	58	0.16	38008	17491	46.03	18233	47.970000000000006	10	0.03	9	0.03	8	0.02	6	0.01	3	0.01	9	0.03	96	0.26	18233	47.970000000000006	11	0.03	4	0.01	20	0.05	23	0.060000000000000005	568	1.5000000000000002	594	1.56	14	0.03	8	0.02	5	0.02	15	0.04	0	0.0	5	0.01	6	0.02	0	0.0	0	0.0	0	0.0	0	0.0	18958	49.88
V350002156_L1_TRYlhwR021520-523	140	0.24	57649	19031	33.010000000000005	19837	34.410000000000004	33	0.06	23	0.04	21	0.04	22	0.03	13	0.02	30	0.05	238	0.41	19837	34.410000000000004	30	0.05	25	0.04	43	0.08	45	0.08	1572	2.73	1582	2.74	36	0.06	16	0.03	9	0.01	22	0.04	1	0.0	3	0.01	14	0.02	0	0.0	0	0.0	48	0.09	0	0.0	35546	61.66
V350002156_L1_TRYlhwR021522-525	161	0.25	62358	18	0.02	2	0.0	13	0.02	6	0.0	7	0.01	8	0.01	3	0.0	23	0.04	338	0.55	2	0.0	14	0.02	10	0.02	28	0.04	39	0.06	2222	3.57	2209	3.54	29	0.04	7	0.01	4	0.0	17	0.03	0	0.0	3	0.0	20	0.03	0	0.0	0	0.0	3	0.0	0	0.0	59190	94.92
V350002156_L1_TRYlhwR021523-526	88	0.22	39753	16671	41.94	17251	43.4	21	0.05	17	0.04	18	0.04	20	0.05	9	0.02	17	0.05	124	0.31	17251	43.4	29	0.07	21	0.05	29	0.07	44	0.12	818	2.0599999999999996	808	2.0300000000000002	37	0.09	19	0.05	7	0.02	14	0.04	0	0.0	0	0.0	11	0.03	0	0.0	0	0.0	2	0.0	0	0.0	21335	53.67
V350002156_L1_TRYlhwR021524-527	59	0.18	33989	23	0.07	1	0.0	6	0.02	4	0.01	4	0.01	5	0.01	2	0.01	5	0.01	86	0.26	1	0.0	6	0.01	5	0.01	16	0.04	14	0.05	657	1.94	658	1.93	13	0.03	5	0.02	4	0.01	8	0.02	1	0.0	2	0.01	9	0.02	0	0.0	3	0.01	140	0.42000000000000004	0	0.0	32904	96.81
V350002156_L1_TRYlhwR021525-528	74	0.22000000000000003	34617	15520	44.83	16162	46.69	15	0.05	11	0.04	12	0.03	9	0.03	7	0.02	16	0.04	119	0.35	16162	46.69	22	0.07	10	0.03	21	0.05	33	0.1	675	1.9500000000000002	677	1.95	17	0.05	10	0.03	7	0.02	17	0.04	1	0.0	2	0.01	12	0.03	0	0.0	0	0.0	1	0.0	0	0.0	17464	50.45
V350002156_L1_TRYlhwR021526-529	98	0.26	39105	14096	36.05	14674	37.53	24	0.07	14	0.04	15	0.04	15	0.04	6	0.02	14	0.03	155	0.4	14674	37.53	15	0.04	15	0.04	26	0.060000000000000005	31	0.08	982	2.51	1001	2.56	26	0.07	9	0.02	6	0.01	14	0.04	2	0.0	2	0.0	12	0.03	0	0.0	0	0.0	4	0.01	0	0.0	22997	58.81
V350002156_L1_TRYlhwR021527-530	128	0.28	46896	13790	29.41	14354	30.61	34	0.06999999999999999	24	0.05	22	0.05	20	0.05	4	0.0	25	0.05	200	0.43000000000000005	14354	30.61	31	0.07	22	0.05	39	0.08	49	0.11	1428	3.05	1433	3.06	43	0.09	14	0.03	7	0.01	23	0.04	0	0.0	3	0.0	16	0.03	0	0.0	0	0.0	2	0.0	0	0.0	30519	65.08
